Synchronously: 13.070934772491455 s
Threads: 13.006201267242432 s
Processes: 3.809379816055298 s
